V : 0.7448275862068966
H : 0.6218678815489749  